MEME version 5.5.0 (Wed Sep 7 14:18:26 2022 -0700)

ALPHABET= ACGT

strands: + -

Background letter frequencies (from uniform background):
A 0.25000 C 0.25000 G 0.25000 T 0.25000 

MOTIF AC0001:BANP:Unknown AC0001:BANP:Unknown

letter-probability matrix: alength= 4 w= 14 nsites= 20 E= 0
  0.639425	  0.138244	  0.091764	  0.130566	
  0.485294	  0.263798	  0.093504	  0.157403	
  0.080840	  0.634715	  0.089139	  0.195306	
  0.193837	  0.265172	  0.105156	  0.435835	
  0.433793	  0.255501	  0.143984	  0.166721	
  0.140190	  0.629757	  0.085223	  0.144830	
  0.033864	  0.751253	  0.025779	  0.189104	
  0.969707	  0.007460	  0.006684	  0.016149	
  0.708898	  0.271817	  0.006034	  0.013251	
  0.007886	  0.982508	  0.003779	  0.005827	
  0.188796	  0.459873	  0.036957	  0.314373	
  0.783963	  0.033290	  0.147081	  0.035666	
  0.287719	  0.559588	  0.022949	  0.129744	
  0.176943	  0.555778	  0.012443	  0.254836	

MOTIF AC0002:BANP:Unknown AC0002:BANP:Unknown

letter-probability matrix: alength= 4 w= 8 nsites= 20 E= 0
  0.212170	  0.021099	  0.636553	  0.130178	
  0.042422	  0.020226	  0.764531	  0.172821	
  0.013247	  0.039179	  0.027087	  0.920487	
  0.339610	  0.006590	  0.222997	  0.430803	
  0.003703	  0.000812	  0.994276	  0.001209	
  0.004945	  0.005352	  0.374096	  0.615607	
  0.003958	  0.002115	  0.009181	  0.984746	
  0.082713	  0.007262	  0.874537	  0.035488	

MOTIF AC0003:BANP:Unknown AC0003:BANP:Unknown

letter-probability matrix: alength= 4 w= 8 nsites= 20 E= 0
  0.694661	  0.005018	  0.292501	  0.007820	
  0.006302	  0.987421	  0.001603	  0.004674	
  0.002446	  0.993328	  0.001298	  0.002928	
  0.065781	  0.004049	  0.020092	  0.910078	
  0.992120	  0.001025	  0.002384	  0.004471	
  0.970059	  0.025583	  0.001468	  0.002890	
  0.031865	  0.622903	  0.025235	  0.319997	
  0.162856	  0.131107	  0.049568	  0.656470	

MOTIF AC0004:BANP:Unknown AC0004:BANP:Unknown

letter-probability matrix: alength= 4 w= 14 nsites= 20 E= 0
  0.052631	  0.671057	  0.030700	  0.245612	
  0.864030	  0.043860	  0.065790	  0.026320	
  0.144740	  0.008770	  0.807020	  0.039470	
  0.763160	  0.000000	  0.105260	  0.131580	
  0.013160	  0.008770	  0.017540	  0.960530	
  0.894731	  0.013160	  0.092109	  0.000000	
  0.517540	  0.184210	  0.087720	  0.210530	
  0.359650	  0.434210	  0.092110	  0.114030	
  0.850871	  0.035090	  0.078949	  0.035090	
  0.109650	  0.850880	  0.000000	  0.039470	
  0.008770	  0.973690	  0.000000	  0.017540	
  0.000000	  0.026320	  0.008770	  0.964910	
  0.263160	  0.223680	  0.355260	  0.157900	
  0.241230	  0.478070	  0.109650	  0.171050	

MOTIF AC0005:BANP:Unknown AC0005:BANP:Unknown

letter-probability matrix: alength= 4 w= 8 nsites= 20 E= 0
  0.217657	  0.009832	  0.736427	  0.036083	
  0.007474	  0.003405	  0.594191	  0.394930	
  0.001823	  0.002394	  0.001183	  0.994600	
  0.689988	  0.009489	  0.021293	  0.279230	
  0.002973	  0.000756	  0.995065	  0.001206	
  0.003501	  0.003024	  0.903171	  0.090304	
  0.003178	  0.007139	  0.002647	  0.987036	
  0.376362	  0.039636	  0.527486	  0.056516	

MOTIF AC0006:BANP:Unknown AC0006:BANP:Unknown

letter-probability matrix: alength= 4 w= 8 nsites= 20 E= 0
  0.028100	  0.021900	  0.930700	  0.019300	
  0.021100	  0.008900	  0.047800	  0.922200	
  0.013800	  0.025700	  0.013300	  0.947200	
  0.732900	  0.151800	  0.030500	  0.084800	
  0.022100	  0.031300	  0.916800	  0.029800	
  0.012800	  0.041400	  0.032700	  0.913100	
  0.018500	  0.026600	  0.065000	  0.889900	
  0.235800	  0.050600	  0.622300	  0.091300	

MOTIF AC0007:BANP:Unknown AC0007:BANP:Unknown

letter-probability matrix: alength= 4 w= 10 nsites= 20 E= 0
  0.084836	  0.026360	  0.018790	  0.870014	
  0.212077	  0.025250	  0.762116	  0.000557	
  0.867453	  0.016460	  0.017570	  0.098517	
  0.584509	  0.035903	  0.017570	  0.362017	
  0.052157	  0.000000	  0.001110	  0.946733	
  0.012123	  0.011567	  0.976310	  0.000000	
  0.946524	  0.007223	  0.008890	  0.037363	
  0.445537	  0.125533	  0.005557	  0.423373	
  0.028890	  0.003333	  0.013890	  0.953887	
  0.047223	  0.015557	  0.879193	  0.058027	

MOTIF AC0008:BANP:Unknown AC0008:BANP:Unknown

letter-probability matrix: alength= 4 w= 7 nsites= 20 E= 0
  0.054483	  0.009655	  0.016585	  0.919277	
  0.164210	  0.007293	  0.806834	  0.021663	
  0.981072	  0.004942	  0.006443	  0.007543	
  0.010143	  0.012290	  0.003993	  0.973574	
  0.014143	  0.003292	  0.010142	  0.972423	
  0.098658	  0.004070	  0.870652	  0.026620	
  0.690839	  0.123650	  0.143170	  0.042342	

MOTIF AC0009:BANP:Unknown AC0009:BANP:Unknown

letter-probability matrix: alength= 4 w= 6 nsites= 20 E= 0
  0.091280	  0.058200	  0.034950	  0.815570	
  0.077470	  0.056260	  0.757430	  0.108840	
  0.891921	  0.000090	  0.061769	  0.046220	
  0.054100	  0.028240	  0.062860	  0.854800	
  0.072281	  0.012940	  0.068751	  0.846028	
  0.371110	  0.027290	  0.542660	  0.058940	

MOTIF AC0010:BANP:Unknown AC0010:BANP:Unknown

letter-probability matrix: alength= 4 w= 7 nsites= 20 E= 0
  0.055447	  0.355336	  0.052663	  0.536554	
  0.002335	  0.001232	  0.000228	  0.996205	
  0.956220	  0.000354	  0.000657	  0.042769	
  0.998401	  0.000379	  0.000664	  0.000556	
  0.002300	  0.008670	  0.001791	  0.987239	
  0.125481	  0.245727	  0.043036	  0.585757	
  0.943992	  0.010071	  0.027276	  0.018661	

MOTIF AC0011:BANP:Unknown AC0011:BANP:Unknown

letter-probability matrix: alength= 4 w= 8 nsites= 20 E= 0
  0.068163	  0.621133	  0.017259	  0.293445	
  0.954634	  0.030328	  0.006012	  0.009026	
  0.988815	  0.004838	  0.001250	  0.005097	
  0.003965	  0.002738	  0.001447	  0.991850	
  0.425078	  0.405572	  0.052067	  0.117282	
  0.990297	  0.001576	  0.003601	  0.004526	
  0.027329	  0.006571	  0.008481	  0.957619	
  0.089256	  0.027899	  0.093467	  0.789378	

MOTIF AC0012:BANP:Unknown AC0012:BANP:Unknown

letter-probability matrix: alength= 4 w= 7 nsites= 20 E= 0
  0.995000	  0.005000	  0.000000	  0.000000	
  0.000000	  0.000000	  0.000000	  1.000000	
  0.000000	  0.011670	  0.988330	  0.000000	
  0.971670	  0.000000	  0.000000	  0.028330	
  0.005000	  0.000000	  0.000000	  0.995000	
  0.363330	  0.001670	  0.048330	  0.586670	
  0.741670	  0.080000	  0.143330	  0.035000	

MOTIF AC0013:BANP:Unknown AC0013:BANP:Unknown

letter-probability matrix: alength= 4 w= 8 nsites= 20 E= 0
  0.692546	  0.022993	  0.029127	  0.255334	
  0.902883	  0.020170	  0.016570	  0.060377	
  0.029770	  0.013237	  0.024437	  0.932556	
  0.415539	  0.320242	  0.124310	  0.139910	
  0.866146	  0.005170	  0.031570	  0.097114	
  0.068043	  0.020170	  0.028903	  0.882884	
  0.670797	  0.092377	  0.076237	  0.160589	
  0.846740	  0.033953	  0.055420	  0.063887	

MOTIF AC0014:BANP:Unknown AC0014:BANP:Unknown

letter-probability matrix: alength= 4 w= 8 nsites= 20 E= 0
  0.438670	  0.060290	  0.141370	  0.359670	
  0.000000	  1.000000	  0.000000	  0.000000	
  0.862790	  0.000000	  0.054050	  0.083160	
  0.912680	  0.022870	  0.022870	  0.041580	
  0.043660	  0.051979	  0.008320	  0.896041	
  0.002080	  0.000000	  0.993760	  0.004160	
  0.808738	  0.012470	  0.012470	  0.166322	
  0.968820	  0.016630	  0.000000	  0.014550	

MOTIF AC0015:BANP:Unknown AC0015:BANP:Unknown

letter-probability matrix: alength= 4 w= 6 nsites= 20 E= 0
  0.445000	  0.000000	  0.033330	  0.521670	
  1.000000	  0.000000	  0.000000	  0.000000	
  0.000000	  0.000000	  1.000000	  0.000000	
  0.000000	  0.003330	  0.000000	  0.996670	
  0.855000	  0.000000	  0.145000	  0.000000	
  0.420000	  0.020000	  0.521670	  0.038330	

MOTIF AC0016:BANP:Unknown AC0016:BANP:Unknown

letter-probability matrix: alength= 4 w= 9 nsites= 20 E= 0
  0.009805	  0.009805	  0.009805	  0.970585	
  0.004950	  0.004950	  0.004950	  0.985150	
  0.985150	  0.004950	  0.004950	  0.004950	
  0.985150	  0.004950	  0.004950	  0.004950	
  0.004950	  0.004950	  0.985150	  0.004950	
  0.004950	  0.004950	  0.004950	  0.985150	
  0.985150	  0.004950	  0.004950	  0.004950	
  0.985150	  0.004950	  0.004950	  0.004950	
  0.009805	  0.009805	  0.009805	  0.970585	

MOTIF AC0017:BANP:Unknown AC0017:BANP:Unknown

letter-probability matrix: alength= 4 w= 7 nsites= 20 E= 0
  0.000000	  0.026615	  0.000000	  0.973385	
  0.000000	  0.000000	  0.000000	  1.000000	
  1.000000	  0.000000	  0.000000	  0.000000	
  0.977185	  0.000000	  0.022815	  0.000000	
  0.000000	  0.055135	  0.000000	  0.944865	
  0.000000	  0.011405	  0.026615	  0.961980	
  0.735795	  0.021175	  0.147225	  0.095805	

MOTIF AC0018:BANP:Unknown AC0018:BANP:Unknown

letter-probability matrix: alength= 4 w= 8 nsites= 20 E= 0
  0.875305	  0.041500	  0.044045	  0.039150	
  0.523820	  0.007350	  0.007650	  0.461180	
  0.359600	  0.004050	  0.014150	  0.622200	
  0.693885	  0.014550	  0.002550	  0.289015	
  0.289015	  0.002550	  0.014550	  0.693885	
  0.622200	  0.014150	  0.004050	  0.359600	
  0.461180	  0.007650	  0.007350	  0.523820	
  0.039150	  0.044045	  0.041500	  0.875305	

MOTIF AC0019:BANP:Unknown AC0019:BANP:Unknown

letter-probability matrix: alength= 4 w= 8 nsites= 20 E= 0
  0.839052	  0.000400	  0.120209	  0.040340	
  0.881619	  0.000290	  0.000290	  0.117801	
  0.832682	  0.000280	  0.000280	  0.166758	
  0.693950	  0.000280	  0.000280	  0.305490	
  0.166758	  0.000280	  0.000280	  0.832682	
  0.832682	  0.000280	  0.000280	  0.166758	
  0.764108	  0.029670	  0.000290	  0.205932	
  0.185280	  0.037350	  0.000370	  0.777000	

MOTIF AC0020:BANP:Unknown AC0020:BANP:Unknown

letter-probability matrix: alength= 4 w= 8 nsites= 20 E= 0
  0.729567	  0.059067	  0.091133	  0.120233	
  0.702630	  0.004933	  0.005500	  0.286937	
  0.237620	  0.004500	  0.006533	  0.751347	
  0.253217	  0.004500	  0.003600	  0.738683	
  0.677379	  0.002667	  0.002867	  0.317087	
  0.818660	  0.004333	  0.003800	  0.173207	
  0.466261	  0.007667	  0.003400	  0.522672	
  0.062003	  0.037400	  0.032803	  0.867794	

MOTIF AC0021:BANP:Unknown AC0021:BANP:Unknown

letter-probability matrix: alength= 4 w= 8 nsites= 20 E= 0
  0.803350	  0.020350	  0.093550	  0.082750	
  0.644393	  0.020350	  0.017700	  0.317557	
  0.517200	  0.013350	  0.005900	  0.463550	
  0.343285	  0.005000	  0.004050	  0.647665	
  0.647665	  0.004050	  0.005000	  0.343285	
  0.463550	  0.005900	  0.013350	  0.517200	
  0.317557	  0.017700	  0.020350	  0.644393	
  0.082750	  0.093550	  0.020350	  0.803350	

MOTIF AC0022:BANP:Unknown AC0022:BANP:Unknown

letter-probability matrix: alength= 4 w= 7 nsites= 20 E= 0
  0.831950	  0.024260	  0.024260	  0.119530	
  0.292970	  0.000230	  0.000230	  0.706570	
  0.701930	  0.000230	  0.000230	  0.297610	
  0.000230	  0.000230	  0.000230	  0.999310	
  0.802510	  0.000230	  0.000230	  0.197030	
  0.687000	  0.000230	  0.000230	  0.312540	
  0.297560	  0.000230	  0.000230	  0.701980	

MOTIF AC0023:BANP:Unknown AC0023:BANP:Unknown

letter-probability matrix: alength= 4 w= 8 nsites= 20 E= 0
  0.552756	  0.023300	  0.024500	  0.399444	
  0.373840	  0.018700	  0.021500	  0.585960	
  0.785720	  0.003900	  0.011400	  0.198980	
  0.738323	  0.002200	  0.007600	  0.251877	
  0.251877	  0.007600	  0.002200	  0.738323	
  0.198980	  0.011400	  0.003900	  0.785720	
  0.585960	  0.021500	  0.018700	  0.373840	
  0.399444	  0.024500	  0.023300	  0.552756	

MOTIF AC0024:BANP:Unknown AC0024:BANP:Unknown

letter-probability matrix: alength= 4 w= 8 nsites= 20 E= 0
  0.160282	  0.154882	  0.114191	  0.570646	
  0.195900	  0.166000	  0.043800	  0.594300	
  0.807300	  0.058800	  0.027900	  0.106000	
  0.807080	  0.022400	  0.092910	  0.077610	
  0.077610	  0.092910	  0.022400	  0.807080	
  0.106000	  0.027900	  0.058800	  0.807300	
  0.594300	  0.043800	  0.166000	  0.195900	
  0.570646	  0.114191	  0.154882	  0.160282	

MOTIF AC0025:BANP:Unknown AC0025:BANP:Unknown

letter-probability matrix: alength= 4 w= 9 nsites= 20 E= 0
  0.095079	  0.390714	  0.023402	  0.490805	
  0.858489	  0.104134	  0.009656	  0.027721	
  0.576853	  0.004007	  0.011286	  0.407854	
  0.007125	  0.002625	  0.001125	  0.989125	
  0.231184	  0.009797	  0.004746	  0.754273	
  0.989199	  0.003500	  0.006426	  0.000875	
  0.978916	  0.004875	  0.003084	  0.013125	
  0.017917	  0.003246	  0.000761	  0.978076	
  0.074034	  0.005434	  0.862328	  0.058204	

MOTIF AC0026:BANP:Unknown AC0026:BANP:Unknown

letter-probability matrix: alength= 4 w= 9 nsites= 20 E= 0
  0.776064	  0.070350	  0.062280	  0.091306	
  0.996036	  0.000000	  0.000000	  0.003964	
  0.000000	  0.000000	  0.000000	  1.000000	
  0.000000	  0.128074	  0.000000	  0.871926	
  0.695076	  0.011370	  0.204666	  0.088888	
  0.939624	  0.016672	  0.043704	  0.000000	
  0.669663	  0.004652	  0.011118	  0.314567	
  0.153856	  0.020738	  0.013392	  0.812014	
  0.201880	  0.128798	  0.156386	  0.512937	

MOTIF AC0027:BANP:Unknown AC0027:BANP:Unknown

letter-probability matrix: alength= 4 w= 8 nsites= 20 E= 0
  0.087762	  0.075496	  0.069788	  0.766954	
  0.065804	  0.072040	  0.055350	  0.806806	
  0.009870	  0.970808	  0.008122	  0.011200	
  0.014080	  0.330828	  0.063866	  0.591226	
  0.813428	  0.041748	  0.137474	  0.007350	
  0.012260	  0.010564	  0.966408	  0.010768	
  0.959336	  0.005064	  0.023332	  0.012268	
  0.922090	  0.019362	  0.025048	  0.033500	

MOTIF AC0028:BANP:Unknown AC0028:BANP:Unknown

letter-probability matrix: alength= 4 w= 12 nsites= 20 E= 0
  0.076061	  0.077563	  0.066930	  0.779446	
  0.052202	  0.843948	  0.041613	  0.062237	
  0.046235	  0.158268	  0.049789	  0.745708	
  0.757409	  0.056721	  0.153105	  0.032765	
  0.009320	  0.007346	  0.980664	  0.002670	
  0.967331	  0.009953	  0.007042	  0.015674	
  0.862669	  0.015506	  0.031119	  0.090706	
  0.196893	  0.201486	  0.392428	  0.209192	
  0.118955	  0.598221	  0.180363	  0.102461	
  0.052724	  0.015120	  0.009442	  0.922714	
  0.023164	  0.022602	  0.008336	  0.945898	
  0.023067	  0.916822	  0.020685	  0.039426	

MOTIF AC0029:BANP:Unknown AC0029:BANP:Unknown

letter-probability matrix: alength= 4 w= 11 nsites= 20 E= 0
  0.613330	  0.056670	  0.036670	  0.293330	
  0.601670	  0.031670	  0.033330	  0.333330	
  0.351670	  0.136670	  0.078330	  0.433330	
  0.023330	  0.865009	  0.033330	  0.078331	
  0.098331	  0.000000	  0.888339	  0.013330	
  0.323333	  0.395004	  0.003330	  0.278333	
  0.848330	  0.000000	  0.151670	  0.000000	
  0.000000	  0.000000	  0.000000	  1.000000	
  0.416670	  0.025000	  0.040000	  0.518330	
  0.715000	  0.006670	  0.000000	  0.278330	
  0.030000	  0.031670	  0.018330	  0.920000	

MOTIF AC0030:BANP:Unknown AC0030:BANP:Unknown

letter-probability matrix: alength= 4 w= 14 nsites= 20 E= 0
  0.091790	  0.024165	  0.827060	  0.056985	
  0.158069	  0.040000	  0.172484	  0.629447	
  0.100320	  0.759945	  0.070570	  0.069165	
  0.068775	  0.394947	  0.008335	  0.527943	
  0.804380	  0.064930	  0.025835	  0.104855	
  0.166080	  0.129735	  0.610090	  0.094095	
  0.547060	  0.004165	  0.420515	  0.028260	
  0.005835	  0.000835	  0.007500	  0.985830	
  0.246384	  0.041275	  0.090055	  0.622287	
  0.022500	  0.970000	  0.004165	  0.003335	
  0.840534	  0.023455	  0.060640	  0.075370	
  0.345800	  0.086525	  0.102870	  0.464805	
  0.192661	  0.089025	  0.114271	  0.604043	
  0.147781	  0.104666	  0.604188	  0.143366	

MOTIF AC0031:BANP:Unknown AC0031:BANP:Unknown

letter-probability matrix: alength= 4 w= 8 nsites= 20 E= 0
  0.696103	  0.101299	  0.101299	  0.101299	
  0.022730	  0.022730	  0.931809	  0.022730	
  0.499110	  0.000150	  0.500590	  0.000150	
  0.000150	  0.000150	  0.000150	  0.999550	
  0.505700	  0.000150	  0.000150	  0.494000	
  0.000150	  0.999550	  0.000150	  0.000150	
  0.999550	  0.000150	  0.000150	  0.000150	
  0.045910	  0.045910	  0.045910	  0.862271	

MOTIF AC0032:BANP:Unknown AC0032:BANP:Unknown

letter-probability matrix: alength= 4 w= 8 nsites= 20 E= 0
  0.455142	  0.122903	  0.384642	  0.037314	
  0.008054	  0.001340	  0.986045	  0.004561	
  0.931730	  0.029317	  0.007560	  0.031393	
  0.992147	  0.000504	  0.000389	  0.006960	
  0.001091	  0.004605	  0.007792	  0.986512	
  0.578503	  0.363247	  0.035547	  0.022703	
  0.058732	  0.003509	  0.003370	  0.934389	
  0.144265	  0.056768	  0.083325	  0.715642	

MOTIF AC0033:BANP:Unknown AC0033:BANP:Unknown

letter-probability matrix: alength= 4 w= 6 nsites= 20 E= 0
  0.602790	  0.048590	  0.072230	  0.276390	
  0.088180	  0.114585	  0.287960	  0.509275	
  0.913946	  0.008045	  0.064419	  0.013590	
  0.045990	  0.043515	  0.009675	  0.900820	
  0.063540	  0.096140	  0.154239	  0.686082	
  0.031660	  0.932175	  0.008755	  0.027410	

MOTIF AC0034:BANP:Unknown AC0034:BANP:Unknown

letter-probability matrix: alength= 4 w= 7 nsites= 20 E= 0
  0.358550	  0.048840	  0.048840	  0.543770	
  0.806290	  0.000240	  0.094060	  0.099410	
  0.094059	  0.596184	  0.000240	  0.309517	
  0.905890	  0.000240	  0.000240	  0.093630	
  0.000240	  0.000240	  0.000240	  0.999280	
  0.200940	  0.000240	  0.093630	  0.705190	
  0.000240	  0.798580	  0.000240	  0.200940	

MOTIF AC0035:BANP:Unknown AC0035:BANP:Unknown

letter-probability matrix: alength= 4 w= 7 nsites= 20 E= 0
  0.827300	  0.117600	  0.044400	  0.010700	
  0.136200	  0.031800	  0.765700	  0.066300	
  0.919800	  0.011200	  0.022900	  0.046100	
  0.775500	  0.005900	  0.004500	  0.214100	
  0.008100	  0.013500	  0.013700	  0.964700	
  0.024900	  0.937001	  0.007800	  0.030300	
  0.030900	  0.101800	  0.041000	  0.826300	

MOTIF AC0036:BANP:Unknown AC0036:BANP:Unknown

letter-probability matrix: alength= 4 w= 11 nsites= 20 E= 0
  0.817585	  0.037458	  0.053612	  0.091345	
  0.069185	  0.104482	  0.011338	  0.814995	
  0.103208	  0.743539	  0.031752	  0.121500	
  0.322837	  0.253943	  0.141337	  0.281882	
  0.519650	  0.131824	  0.143861	  0.204666	
  0.781798	  0.017410	  0.070878	  0.129914	
  0.015018	  0.001612	  0.934895	  0.048475	
  0.999167	  0.000555	  0.000000	  0.000278	
  0.006388	  0.016418	  0.000000	  0.977194	
  0.079975	  0.056058	  0.010835	  0.853131	
  0.001667	  0.994933	  0.001700	  0.001700	

MOTIF AC0037:BANP:Unknown AC0037:BANP:Unknown

letter-probability matrix: alength= 4 w= 7 nsites= 20 E= 0
  0.917026	  0.014530	  0.036227	  0.032217	
  0.004090	  0.002605	  0.981275	  0.012030	
  0.987092	  0.002018	  0.004870	  0.006020	
  0.005437	  0.003510	  0.002750	  0.988303	
  0.673465	  0.068860	  0.003210	  0.254465	
  0.003110	  0.885510	  0.002703	  0.108677	
  0.013350	  0.010920	  0.955685	  0.020045	

MOTIF AC0038:BANP:Unknown AC0038:BANP:Unknown

letter-probability matrix: alength= 4 w= 7 nsites= 20 E= 0
  0.898278	  0.029165	  0.012497	  0.060060	
  0.000128	  0.021962	  0.977782	  0.000128	
  0.982949	  0.000128	  0.016795	  0.000128	
  0.000128	  0.000128	  0.000128	  0.999616	
  0.398018	  0.239190	  0.006288	  0.356505	
  0.028762	  0.692240	  0.012095	  0.266903	
  0.057405	  0.035568	  0.647902	  0.259125	

MOTIF AC0039:BANP:Unknown AC0039:BANP:Unknown

letter-probability matrix: alength= 4 w= 7 nsites= 20 E= 0
  0.049789	  0.437926	  0.065005	  0.447279	
  0.781471	  0.038144	  0.176564	  0.003821	
  0.010848	  0.000041	  0.988032	  0.001079	
  0.999358	  0.000041	  0.000560	  0.000041	
  0.000162	  0.000041	  0.000041	  0.999756	
  0.000041	  0.992799	  0.000300	  0.006860	
  0.015835	  0.119069	  0.025162	  0.839934	

MOTIF AC0040:BANP:Unknown AC0040:BANP:Unknown

letter-probability matrix: alength= 4 w= 6 nsites= 20 E= 0
  0.537500	  0.176475	  0.191035	  0.094990	
  0.123751	  0.048345	  0.818419	  0.009485	
  0.979815	  0.001495	  0.011975	  0.006715	
  0.004630	  0.021240	  0.001390	  0.972740	
  0.016245	  0.693667	  0.099830	  0.190259	
  0.059270	  0.304275	  0.110190	  0.526265	

MOTIF AC0041:BANP:Unknown AC0041:BANP:Unknown

letter-probability matrix: alength= 4 w= 7 nsites= 20 E= 0
  0.913500	  0.015100	  0.043800	  0.027600	
  0.012800	  0.006300	  0.953200	  0.027700	
  0.970300	  0.008300	  0.008800	  0.012600	
  0.013300	  0.005000	  0.013600	  0.968100	
  0.932600	  0.033800	  0.004200	  0.029400	
  0.018300	  0.344700	  0.012900	  0.624100	
  0.469000	  0.009200	  0.510100	  0.011700	

MOTIF AC0042:BANP:Unknown AC0042:BANP:Unknown

letter-probability matrix: alength= 4 w= 8 nsites= 20 E= 0
  0.546400	  0.309200	  0.036900	  0.107500	
  0.652360	  0.089110	  0.156520	  0.102010	
  0.232800	  0.026700	  0.151100	  0.589400	
  0.909000	  0.041000	  0.030600	  0.019400	
  0.025100	  0.026100	  0.036700	  0.912099	
  0.059900	  0.890100	  0.036400	  0.013600	
  0.297400	  0.198800	  0.046200	  0.457600	
  0.608640	  0.164480	  0.131890	  0.094990	

MOTIF AC0043:BANP:Unknown AC0043:BANP:Unknown

letter-probability matrix: alength= 4 w= 8 nsites= 20 E= 0
  0.033926	  0.003878	  0.951668	  0.010528	
  0.999666	  0.000000	  0.000334	  0.000000	
  0.000000	  0.000000	  0.000000	  1.000000	
  0.001980	  0.969058	  0.016164	  0.012798	
  0.042122	  0.348988	  0.385964	  0.222926	
  0.078332	  0.014990	  0.887150	  0.019528	
  0.818720	  0.019128	  0.132280	  0.029872	
  0.110238	  0.017584	  0.012274	  0.859904	

MOTIF AC0044:BANP:Unknown AC0044:BANP:Unknown

letter-probability matrix: alength= 4 w= 8 nsites= 20 E= 0
  0.255300	  0.544400	  0.079000	  0.121300	
  0.357000	  0.062300	  0.570400	  0.010300	
  0.129000	  0.005600	  0.627000	  0.238400	
  0.923610	  0.005900	  0.012400	  0.058090	
  0.058090	  0.012400	  0.005900	  0.923610	
  0.238400	  0.627000	  0.005600	  0.129000	
  0.010300	  0.570400	  0.062300	  0.357000	
  0.121300	  0.079000	  0.544400	  0.255300	

MOTIF AC0045:BANP:Unknown AC0045:BANP:Unknown

letter-probability matrix: alength= 4 w= 8 nsites= 20 E= 0
  0.831470	  0.011957	  0.066366	  0.090207	
  0.000224	  0.000024	  0.999161	  0.000591	
  0.999147	  0.000059	  0.000729	  0.000065	
  0.000124	  0.000169	  0.000271	  0.999436	
  0.972804	  0.007160	  0.000012	  0.020024	
  0.000751	  0.006951	  0.005005	  0.987293	
  0.001602	  0.004168	  0.000832	  0.993398	
  0.071640	  0.008260	  0.004285	  0.915815	

MOTIF AC0046:BANP:Unknown AC0046:BANP:Unknown

letter-probability matrix: alength= 4 w= 8 nsites= 20 E= 0
  0.725200	  0.071400	  0.126450	  0.076950	
  0.869000	  0.014600	  0.074650	  0.041750	
  0.040850	  0.008500	  0.837089	  0.113561	
  0.966700	  0.004900	  0.016650	  0.011750	
  0.011750	  0.016650	  0.004900	  0.966700	
  0.113561	  0.837089	  0.008500	  0.040850	
  0.041750	  0.074650	  0.014600	  0.869000	
  0.076950	  0.126450	  0.071400	  0.725200	

MOTIF AC0047:BANP:Unknown AC0047:BANP:Unknown

letter-probability matrix: alength= 4 w= 14 nsites= 20 E= 0
  0.635922	  0.043215	  0.088485	  0.232379	
  0.978770	  0.000885	  0.003175	  0.017170	
  0.043910	  0.726099	  0.089555	  0.140436	
  0.094335	  0.324390	  0.000000	  0.581275	
  0.748240	  0.000000	  0.000000	  0.251760	
  0.000000	  0.000000	  0.000000	  1.000000	
  0.990435	  0.000000	  0.009565	  0.000000	
  0.013440	  0.041250	  0.087965	  0.857344	
  0.646560	  0.049005	  0.114380	  0.190055	
  0.482548	  0.067165	  0.087370	  0.362918	
  0.005835	  0.011155	  0.004950	  0.978060	
  0.976190	  0.000000	  0.000000	  0.023810	
  0.241775	  0.000885	  0.014330	  0.743010	
  0.774260	  0.056465	  0.103325	  0.065950	

MOTIF AC0048:BANP:Unknown AC0048:BANP:Unknown

letter-probability matrix: alength= 4 w= 8 nsites= 20 E= 0
  0.950800	  0.008400	  0.013700	  0.027100	
  0.877000	  0.002300	  0.007000	  0.113700	
  0.076900	  0.005100	  0.009900	  0.908100	
  0.866190	  0.003100	  0.002500	  0.128210	
  0.128210	  0.002500	  0.003100	  0.866190	
  0.908100	  0.009900	  0.005100	  0.076900	
  0.113700	  0.007000	  0.002300	  0.877000	
  0.027100	  0.013700	  0.008400	  0.950800	

MOTIF AC0049:BANP:Unknown AC0049:BANP:Unknown

letter-probability matrix: alength= 4 w= 6 nsites= 20 E= 0
  0.000000	  0.000000	  1.000000	  0.000000	
  1.000000	  0.000000	  0.000000	  0.000000	
  0.000000	  0.000000	  0.000000	  1.000000	
  0.000000	  0.006800	  0.993200	  0.000000	
  1.000000	  0.000000	  0.000000	  0.000000	
  1.000000	  0.000000	  0.000000	  0.000000	

MOTIF AC0050:BANP:Unknown AC0050:BANP:Unknown

letter-probability matrix: alength= 4 w= 7 nsites= 20 E= 0
  0.000000	  0.000000	  0.000000	  1.000000	
  0.000000	  1.000000	  0.000000	  0.000000	
  0.000000	  1.000000	  0.000000	  0.000000	
  1.000000	  0.000000	  0.000000	  0.000000	
  0.000000	  0.000000	  0.000000	  1.000000	
  0.000000	  1.000000	  0.000000	  0.000000	
  1.000000	  0.000000	  0.000000	  0.000000	

MOTIF AC0051:BANP:Unknown AC0051:BANP:Unknown

letter-probability matrix: alength= 4 w= 17 nsites= 20 E= 0
  0.042590	  0.785359	  0.060235	  0.111816	
  0.435355	  0.321280	  0.052085	  0.191280	
  0.053690	  0.242736	  0.039165	  0.664408	
  0.031995	  0.854521	  0.028720	  0.084765	
  0.440745	  0.294165	  0.087825	  0.177265	
  0.111131	  0.221576	  0.061040	  0.606253	
  0.027020	  0.858099	  0.007500	  0.107381	
  0.465058	  0.364853	  0.046575	  0.123514	
  0.071190	  0.217770	  0.037825	  0.673215	
  0.062380	  0.807594	  0.009165	  0.120861	
  0.434910	  0.315000	  0.116280	  0.133810	
  0.105479	  0.257707	  0.032055	  0.604759	
  0.021665	  0.940270	  0.004730	  0.033335	
  0.410980	  0.357265	  0.121340	  0.110415	
  0.046130	  0.200770	  0.033335	  0.719765	
  0.145835	  0.538335	  0.131665	  0.184165	
  0.194165	  0.475000	  0.137500	  0.193335	

MOTIF AC0052:BANP:Unknown AC0052:BANP:Unknown

letter-probability matrix: alength= 4 w= 17 nsites= 20 E= 0
  0.636928	  0.089056	  0.138420	  0.135596	
  0.093676	  0.102238	  0.073009	  0.731076	
  0.057962	  0.145953	  0.688930	  0.107156	
  0.766638	  0.069531	  0.095158	  0.068673	
  0.109886	  0.080976	  0.058810	  0.750328	
  0.084900	  0.086066	  0.725376	  0.103658	
  0.750398	  0.074899	  0.085997	  0.088707	
  0.093534	  0.094431	  0.084633	  0.727402	
  0.103932	  0.105656	  0.740525	  0.049887	
  0.927985	  0.003898	  0.036983	  0.031134	
  0.026899	  0.036561	  0.027302	  0.909238	
  0.048071	  0.035516	  0.906362	  0.010051	
  0.938062	  0.017207	  0.041681	  0.003050	
  0.016727	  0.016478	  0.004859	  0.961936	
  0.018658	  0.102538	  0.872945	  0.005859	
  0.778500	  0.055992	  0.099449	  0.066059	
  0.101691	  0.093216	  0.097913	  0.707180	

MOTIF AC0053:BANP:Unknown AC0053:BANP:Unknown

letter-probability matrix: alength= 4 w= 8 nsites= 20 E= 0
  0.051814	  0.009212	  0.876001	  0.062973	
  0.002999	  0.002908	  0.990164	  0.003929	
  0.007560	  0.011468	  0.977337	  0.003635	
  0.700552	  0.121206	  0.017306	  0.160936	
  0.003067	  0.992201	  0.003406	  0.001326	
  0.003828	  0.990852	  0.004267	  0.001053	
  0.957144	  0.006902	  0.029953	  0.006001	
  0.013062	  0.895393	  0.026440	  0.065105	

MOTIF AC0054:BANP:Unknown AC0054:BANP:Unknown

letter-probability matrix: alength= 4 w= 10 nsites= 20 E= 0
  0.091494	  0.065049	  0.783266	  0.060191	
  0.039785	  0.072200	  0.115514	  0.772501	
  0.049917	  0.030707	  0.855008	  0.064368	
  0.003515	  0.001931	  0.976446	  0.018108	
  0.048512	  0.011492	  0.908088	  0.031908	
  0.227030	  0.328420	  0.302208	  0.142343	
  0.027420	  0.903109	  0.022645	  0.046826	
  0.016463	  0.978189	  0.001712	  0.003636	
  0.094130	  0.745182	  0.054162	  0.106526	
  0.630468	  0.116106	  0.150462	  0.102964	

MOTIF AC0055:BANP:Unknown AC0055:BANP:Unknown

letter-probability matrix: alength= 4 w= 8 nsites= 20 E= 0
  0.087890	  0.194230	  0.154320	  0.563560	
  0.035150	  0.000000	  0.843798	  0.121051	
  0.000000	  0.000000	  0.980690	  0.019310	
  0.068311	  0.077841	  0.520955	  0.332893	
  0.332893	  0.520955	  0.077841	  0.068311	
  0.019310	  0.980690	  0.000000	  0.000000	
  0.121051	  0.843798	  0.000000	  0.035150	
  0.563560	  0.154320	  0.194230	  0.087890	

MOTIF AC0056:BANP:Unknown AC0056:BANP:Unknown

letter-probability matrix: alength= 4 w= 9 nsites= 20 E= 0
  0.794878	  0.064101	  0.032050	  0.108971	
  0.128210	  0.006410	  0.865380	  0.000000	
  0.006410	  0.000000	  0.993590	  0.000000	
  0.000000	  0.980770	  0.000000	  0.019230	
  0.000000	  1.000000	  0.000000	  0.000000	
  0.000000	  0.993590	  0.000000	  0.006410	
  0.955130	  0.006410	  0.038460	  0.000000	
  0.711540	  0.038460	  0.044870	  0.205130	
  0.262823	  0.089741	  0.044870	  0.602566	

MOTIF AC0057:BANP:Unknown AC0057:BANP:Unknown

letter-probability matrix: alength= 4 w= 9 nsites= 20 E= 0
  0.383260	  0.058825	  0.210030	  0.347885	
  0.479335	  0.126395	  0.179715	  0.214555	
  0.456485	  0.132355	  0.130240	  0.280920	
  0.582658	  0.111686	  0.205656	  0.100001	
  0.000000	  0.000000	  1.000000	  0.000000	
  0.000000	  0.000000	  0.000000	  1.000000	
  1.000000	  0.000000	  0.000000	  0.000000	
  0.000000	  1.000000	  0.000000	  0.000000	
  0.671945	  0.046910	  0.199470	  0.081675	

MOTIF AC0058:BANP:Unknown AC0058:BANP:Unknown

letter-probability matrix: alength= 4 w= 8 nsites= 20 E= 0
  0.030700	  0.880200	  0.008000	  0.081100	
  0.010000	  0.923900	  0.012900	  0.053200	
  0.013800	  0.002000	  0.981900	  0.002300	
  0.001600	  0.008300	  0.005600	  0.984500	
  0.984500	  0.005600	  0.008300	  0.001600	
  0.002300	  0.981900	  0.002000	  0.013800	
  0.053200	  0.012900	  0.923900	  0.010000	
  0.081100	  0.008000	  0.880200	  0.030700	

MOTIF AC0059:BANP:Unknown AC0059:BANP:Unknown

letter-probability matrix: alength= 4 w= 8 nsites= 20 E= 0
  0.050900	  0.777200	  0.122700	  0.049200	
  0.041900	  0.026200	  0.912099	  0.019800	
  0.042900	  0.012100	  0.089390	  0.855610	
  0.885490	  0.061710	  0.022100	  0.030700	
  0.038700	  0.921801	  0.014500	  0.025000	
  0.065110	  0.105710	  0.797980	  0.031200	
  0.286000	  0.207900	  0.364600	  0.141500	
  0.117800	  0.613800	  0.041200	  0.227200	

MOTIF AC0060:BANP:Unknown AC0060:BANP:Unknown

letter-probability matrix: alength= 4 w= 7 nsites= 20 E= 0
  0.014629	  0.010467	  0.970153	  0.004751	
  0.002461	  0.006769	  0.004606	  0.986164	
  0.991244	  0.002977	  0.003556	  0.002223	
  0.003294	  0.987862	  0.002980	  0.005864	
  0.019993	  0.010578	  0.914787	  0.054642	
  0.047924	  0.007970	  0.778597	  0.165510	
  0.723758	  0.089579	  0.028808	  0.157856	

MOTIF AC0061:BANP:Unknown AC0061:BANP:Unknown

letter-probability matrix: alength= 4 w= 6 nsites= 20 E= 0
  0.074336	  0.021679	  0.857141	  0.046844	
  0.006474	  0.014694	  0.019841	  0.958991	
  0.939834	  0.025760	  0.003703	  0.030703	
  0.036064	  0.908368	  0.025454	  0.030114	
  0.072844	  0.051389	  0.762073	  0.113694	
  0.239844	  0.053534	  0.587392	  0.119230	

MOTIF AC0062:BANP:Unknown AC0062:BANP:Unknown

letter-probability matrix: alength= 4 w= 7 nsites= 20 E= 0
  0.022106	  0.013470	  0.014220	  0.950204	
  0.004728	  0.011078	  0.980524	  0.003670	
  0.005786	  0.982924	  0.002408	  0.008882	
  0.990594	  0.002786	  0.003484	  0.003136	
  0.008078	  0.004020	  0.001904	  0.985998	
  0.002612	  0.004728	  0.987932	  0.004728	
  0.034932	  0.526708	  0.043080	  0.395280	

MOTIF AC0063:BANP:Unknown AC0063:BANP:Unknown

letter-probability matrix: alength= 4 w= 7 nsites= 20 E= 0
  0.004110	  0.975360	  0.000000	  0.020530	
  1.000000	  0.000000	  0.000000	  0.000000	
  0.000000	  0.000000	  0.000000	  1.000000	
  0.000000	  0.000000	  1.000000	  0.000000	
  0.000000	  1.000000	  0.000000	  0.000000	
  0.618070	  0.061600	  0.320330	  0.000000	
  0.236140	  0.447640	  0.123200	  0.193020	

MOTIF AC0064:BANP:Unknown AC0064:BANP:Unknown

letter-probability matrix: alength= 4 w= 7 nsites= 20 E= 0
  0.340417	  0.514885	  0.072349	  0.072349	
  0.000100	  0.000100	  0.000100	  0.999700	
  0.000100	  0.000100	  0.999700	  0.000100	
  0.000100	  0.897559	  0.000100	  0.102241	
  0.999700	  0.000100	  0.000100	  0.000100	
  0.000100	  0.000100	  0.092131	  0.907669	
  0.230338	  0.141029	  0.579634	  0.049000	

MOTIF AC0065:BANP:Unknown AC0065:BANP:Unknown

letter-probability matrix: alength= 4 w= 7 nsites= 20 E= 0
  0.151518	  0.161618	  0.151518	  0.535345	
  0.030000	  0.070000	  0.850000	  0.050000	
  0.010000	  0.960000	  0.020000	  0.010000	
  0.970000	  0.010000	  0.010000	  0.010000	
  0.010000	  0.010000	  0.010000	  0.970000	
  0.010100	  0.010100	  0.969700	  0.010100	
  0.060000	  0.840000	  0.080000	  0.020000	

MOTIF AC0066:BANP:Unknown AC0066:BANP:Unknown

letter-probability matrix: alength= 4 w= 13 nsites= 20 E= 0
  0.097836	  0.641522	  0.081307	  0.179334	
  0.592774	  0.100276	  0.158261	  0.148689	
  0.036909	  0.908731	  0.018041	  0.036319	
  0.290249	  0.031503	  0.624202	  0.054046	
  0.357247	  0.181266	  0.291284	  0.170203	
  0.446442	  0.063314	  0.057736	  0.432508	
  0.148865	  0.083517	  0.025084	  0.742534	
  0.184922	  0.510169	  0.006716	  0.298194	
  0.043160	  0.609481	  0.000733	  0.346626	
  0.008503	  0.980455	  0.004059	  0.006983	
  0.238268	  0.088770	  0.617161	  0.055801	
  0.972168	  0.001907	  0.019016	  0.006909	
  0.085801	  0.023154	  0.679055	  0.211989	

MOTIF AC0067:BANP:Unknown AC0067:BANP:Unknown

letter-probability matrix: alength= 4 w= 19 nsites= 20 E= 0
  0.097356	  0.113056	  0.061120	  0.728468	
  0.078992	  0.767691	  0.047564	  0.105753	
  0.088307	  0.071839	  0.038148	  0.801707	
  0.066288	  0.750657	  0.060078	  0.122977	
  0.028066	  0.072219	  0.016231	  0.883484	
  0.020617	  0.820266	  0.012854	  0.146263	
  0.022377	  0.048748	  0.004598	  0.924277	
  0.013011	  0.926371	  0.006799	  0.053819	
  0.003297	  0.017851	  0.002518	  0.976334	
  0.013271	  0.917215	  0.001147	  0.068367	
  0.006423	  0.007584	  0.001651	  0.984342	
  0.007543	  0.939582	  0.001076	  0.051799	
  0.018138	  0.020861	  0.001136	  0.959865	
  0.029988	  0.922740	  0.014056	  0.033216	
  0.020269	  0.073942	  0.008611	  0.897178	
  0.058117	  0.784956	  0.022301	  0.134626	
  0.060097	  0.117340	  0.049096	  0.773467	
  0.081067	  0.779870	  0.046177	  0.092887	
  0.101384	  0.090564	  0.065700	  0.742352	

MOTIF AC0068:BANP:Unknown AC0068:BANP:Unknown

letter-probability matrix: alength= 4 w= 15 nsites= 20 E= 0
  0.160330	  0.000850	  0.830300	  0.008520	
  0.618272	  0.119789	  0.058205	  0.203734	
  0.000000	  0.996610	  0.000000	  0.003390	
  0.002540	  0.183770	  0.450740	  0.362950	
  0.126401	  0.273693	  0.188012	  0.411894	
  0.011000	  0.015185	  0.000000	  0.973815	
  0.016830	  0.048890	  0.000000	  0.934280	
  0.021910	  0.753265	  0.158270	  0.066555	
  0.546558	  0.065735	  0.384302	  0.003405	
  0.249267	  0.102031	  0.245972	  0.402729	
  0.181125	  0.676605	  0.029495	  0.112775	
  0.005000	  0.000000	  0.011000	  0.984000	
  0.063260	  0.151790	  0.015165	  0.769785	
  0.018535	  0.955315	  0.005095	  0.021055	
  0.017720	  0.741195	  0.004240	  0.236845	

MOTIF AC0069:BANP:Unknown AC0069:BANP:Unknown

letter-probability matrix: alength= 4 w= 8 nsites= 20 E= 0
  0.009220	  0.947333	  0.001807	  0.041640	
  0.005060	  0.018987	  0.003800	  0.972153	
  0.006327	  0.978736	  0.003800	  0.011137	
  0.001807	  0.005427	  0.006193	  0.986573	
  0.004340	  0.005203	  0.990277	  0.000180	
  0.004340	  0.048133	  0.006147	  0.941380	
  0.037210	  0.009363	  0.004880	  0.948547	
  0.062967	  0.131134	  0.024773	  0.781126	

MOTIF AC0070:BANP:Unknown AC0070:BANP:Unknown

letter-probability matrix: alength= 4 w= 16 nsites= 20 E= 0
  0.113020	  0.810765	  0.041995	  0.034220	
  0.000000	  0.953525	  0.000865	  0.045610	
  0.028495	  0.094726	  0.128406	  0.748372	
  0.137200	  0.234525	  0.231770	  0.396505	
  0.085875	  0.769791	  0.056355	  0.087980	
  0.427915	  0.531660	  0.005180	  0.035245	
  0.000865	  0.798291	  0.000000	  0.200844	
  0.045610	  0.756520	  0.026610	  0.171260	
  0.730935	  0.020405	  0.218595	  0.030065	
  0.137040	  0.045445	  0.732825	  0.084690	
  0.520213	  0.070010	  0.146056	  0.263721	
  0.184215	  0.046310	  0.008635	  0.760840	
  0.533868	  0.127541	  0.305072	  0.033520	
  0.377287	  0.274301	  0.122361	  0.226051	
  0.413135	  0.209745	  0.158900	  0.218220	
  0.404662	  0.286016	  0.184321	  0.125001	

MOTIF AC0071:BANP:Unknown AC0071:BANP:Unknown

letter-probability matrix: alength= 4 w= 6 nsites= 20 E= 0
  0.000000	  0.000000	  1.000000	  0.000000	
  1.000000	  0.000000	  0.000000	  0.000000	
  1.000000	  0.000000	  0.000000	  0.000000	
  1.000000	  0.000000	  0.000000	  0.000000	
  0.000000	  0.000000	  0.058820	  0.941180	
  0.000000	  1.000000	  0.000000	  0.000000	

MOTIF AC0072:BANP:Unknown AC0072:BANP:Unknown

letter-probability matrix: alength= 4 w= 8 nsites= 20 E= 0
  0.249678	  0.035700	  0.626734	  0.087889	
  0.023100	  0.037300	  0.919800	  0.019800	
  0.949000	  0.010000	  0.036100	  0.004900	
  0.262127	  0.003800	  0.085309	  0.648764	
  0.648764	  0.085309	  0.003800	  0.262127	
  0.004900	  0.036100	  0.010000	  0.949000	
  0.019800	  0.919800	  0.037300	  0.023100	
  0.087889	  0.626734	  0.035700	  0.249678	

MOTIF AC0073:BANP:Unknown AC0073:BANP:Unknown

letter-probability matrix: alength= 4 w= 9 nsites= 20 E= 0
  0.000000	  0.384614	  0.615386	  0.000000	
  0.000000	  0.000000	  0.230770	  0.769230	
  0.000000	  0.307690	  0.000000	  0.692310	
  0.000000	  0.153850	  0.769230	  0.076920	
  0.000000	  0.076920	  0.000000	  0.923080	
  0.461540	  0.076920	  0.230770	  0.230770	
  0.230772	  0.384614	  0.000000	  0.384614	
  0.000000	  0.076920	  0.153850	  0.769230	
  0.000000	  0.615386	  0.076921	  0.307693	

MOTIF AC0074:BANP:Unknown AC0074:BANP:Unknown

letter-probability matrix: alength= 4 w= 8 nsites= 20 E= 0
  0.786607	  0.022433	  0.016333	  0.174627	
  0.844226	  0.005900	  0.006767	  0.143107	
  0.016367	  0.933100	  0.009200	  0.041333	
  0.127333	  0.739767	  0.118633	  0.014267	
  0.029933	  0.012867	  0.008300	  0.948900	
  0.735533	  0.021367	  0.213167	  0.029933	
  0.078067	  0.664400	  0.186300	  0.071233	
  0.014500	  0.006133	  0.961434	  0.017933	

MOTIF AC0075:BANP:Unknown AC0075:BANP:Unknown

letter-probability matrix: alength= 4 w= 8 nsites= 20 E= 0
  0.740700	  0.051000	  0.055700	  0.152600	
  0.012400	  0.320700	  0.647100	  0.019800	
  0.046800	  0.033900	  0.002800	  0.916500	
  0.277730	  0.024500	  0.624660	  0.073110	
  0.073110	  0.624660	  0.024500	  0.277730	
  0.916500	  0.002800	  0.033900	  0.046800	
  0.019800	  0.647100	  0.320700	  0.012400	
  0.152600	  0.055700	  0.051000	  0.740700	

MOTIF AC0076:BANP:Unknown AC0076:BANP:Unknown

letter-probability matrix: alength= 4 w= 8 nsites= 20 E= 0
  0.709700	  0.038300	  0.077300	  0.174700	
  0.032900	  0.053410	  0.884890	  0.028800	
  0.032000	  0.183280	  0.064790	  0.719930	
  0.095600	  0.056200	  0.806400	  0.041800	
  0.041800	  0.806400	  0.056200	  0.095600	
  0.719930	  0.064790	  0.183280	  0.032000	
  0.028800	  0.884890	  0.053410	  0.032900	
  0.174700	  0.077300	  0.038300	  0.709700	

MOTIF AC0077:BANP:Unknown AC0077:BANP:Unknown

letter-probability matrix: alength= 4 w= 8 nsites= 20 E= 0
  0.030400	  0.888900	  0.054000	  0.026700	
  0.049900	  0.014700	  0.023900	  0.911499	
  0.913201	  0.003700	  0.032700	  0.050399	
  0.020700	  0.008700	  0.948000	  0.022600	
  0.022600	  0.948000	  0.008700	  0.020700	
  0.050399	  0.032700	  0.003700	  0.913201	
  0.911499	  0.023900	  0.014700	  0.049900	
  0.026700	  0.054000	  0.888900	  0.030400	

MOTIF AC0078:BANP:Unknown AC0078:BANP:Unknown

letter-probability matrix: alength= 4 w= 28 nsites= 20 E= 0
  1.000000	  0.000000	  0.000000	  0.000000	
  1.000000	  0.000000	  0.000000	  0.000000	
  0.000000	  0.000000	  1.000000	  0.000000	
  0.000000	  0.000000	  0.000000	  1.000000	
  0.000000	  0.972220	  0.000000	  0.027780	
  1.000000	  0.000000	  0.000000	  0.000000	
  0.000000	  0.000000	  0.000000	  1.000000	
  1.000000	  0.000000	  0.000000	  0.000000	
  0.000000	  0.027780	  0.000000	  0.972220	
  0.000000	  0.000000	  0.000000	  1.000000	
  0.000000	  0.916670	  0.000000	  0.083330	
  0.000000	  0.027780	  0.944440	  0.027780	
  1.000000	  0.000000	  0.000000	  0.000000	
  0.000000	  1.000000	  0.000000	  0.000000	
  0.000000	  0.000000	  0.000000	  1.000000	
  0.000000	  0.944440	  0.000000	  0.055560	
  0.000000	  0.888890	  0.027780	  0.083330	
  0.972220	  0.000000	  0.027780	  0.000000	
  1.000000	  0.000000	  0.000000	  0.000000	
  1.000000	  0.000000	  0.000000	  0.000000	
  1.000000	  0.000000	  0.000000	  0.000000	
